start=672.255000
volume=120.000000
