start=2557.555000
volume=120.000000
