start=2562.977000
pause=yes
volume=125.000000
