start=2596.344000
pause=yes
volume=125.000000
